#EM622B
x <- 1
y = 2
z = c(x,y)
z
